8649
3072
19814
6535
4824
8632
2254
19417
16257
32035
19869
1667
18822
12619
14785
10884
7547
2499
30351
22446
18555
22926
23574
21161
22041
12604
24237
3132
19097
16470
31439
11720
3425
26108
4905
20245
22442
13517
29936
14673
31611
28167
30328
23382
5848
14319
25603
21292
1847
4980
11991
12495
12595
21775
4755
22066
28804
9453
9410
6275
17455
19024
689
1713
2810
17971
4478
31020
25635
301
1138
20204
2129
4247
7568
31668
11979
22257
23662
19352
21224
898
3908
32701
28103
13631
31299
10336
30783
17646
2344
24601
18713
31371
16144
19553
9085
12779
22670
1875
2475
12959
21499
22191
10220
16155
21517
21540
27591
7960
4267
27343
7031
10550
18944
19967
413
4070
29135
19771
307
30087
32518
10630
9665
3023
8085
20449
979
17005
15488
7442
32170
18668
1075
3748
16434
26587
28439
1327
3124
29995
29282
31705
8141
26584
21811
22813
21535
20172
23518
15563
17222
12032
15748
28496
2701
3300
6120
22072
31970
9473
21885
4593
22920
6108
14788
10450
23308
3358
2004
25435
12922
4595
30522
15807
17104
14000
27396
4767
12467
12216
7961
25369
6753
32160
16332
24577
3047
24721
8112
6254
916
6894
32685
29049
6829
18231
7507
19265
9826
17710
31599
30515
25857
568
6364
25480
2922
8453
2460
8206
18115
17523
9767
8236
1645
432
17667
24096
8758
15775
12949
17292
12496
31102
23351
31537
8834
21189
23435
4090
29725
14929
27406
32060
3634
9921
21744
5180
9346
17953
29475
23282
10678
29382
24498
18444
11088
28536
20564
54
10722
11991
20545
30873
16765
10743
19524
8865
13933
2638
9489
1284
14883
10960
15322
26112
31859
13400
11549
27364
23808
22858
11712
20689
20724
29814
15967
8898
20724
3904
10469
4298
25427
4862
31833
19613
5765
10658
31483
3922
32727
4505
11920
11367
4702
26867
5882
22022
25133
13251
9995
30342
10187
8649
923
17205
6117
22350
14552
27733
25407
15696
23006
3684
29424
7391
16008
18593
13519
2503
21381
7371
3113
24687
12462
31788
15029
23297
27030
9686
21961
459
19555
14893
7117
31462
733
10149
15857
32021
18885
21709
29211
27119
12904
11149
24867
21313
8820
27051
17731
28590
1545
23188
19657
17048
26643
24154
5391
31556
25816
25081
20909
20280
10957
11486
29677
21480
32174
10154
26240
7058
28621
51
12655
6503
17835
20171
6740
4331
14277
8390
5321
5278
1712
3126
5921
22492
5480
12537
10070
22530
32230
19190
13379
8402
21488
14755
3859
12313
2613
8395
6394
15502
11673
1678
31011
25598
27342
4777
28393
1190
4644
21239
5193
17889
3490
10552
9367
5123
32085
17938
7025
4996
28136
21845
16370
20321
23925
16259
28711
9919
667
9360
16583
15825
2513
29670
17694
30205
15609
17836
4939
12602
18745
22856
22699
25789
5894
23842
4757
16084
26753
25515
16200
25618
12807
10655
6945
1964
24835
4487
15890
25379
1287
30849
11599
20771
3868
18499
13642
4012
6998
27230
8162
28015
30891
192
6871
26235
25348
1917
25218
29720
9109
17359
1219
5107
2922
9307
20538
19068
31811
30389
17338
9357
29602
5671
4602
31820
19490
30638
3470
1362
10506
14150
4374
25613
16418
2663
14262
21602
30150
15312
31174
9111
32568
5251
458
369
32571
22033
19876
27801
20701
10775
28680
15940
29844
11017
1585
6419
21388
27182
13778
16184
19776
5868
18256
5083
17224
11078
12334
19388
6001
16803
8649
4377
20499
30673
28741
7890
22175
841
26055
5835
1144
23221
21988
6034
29188
6319
1370
21826
15362
31692
14846
14759
13086
10201
1782
20386
10690
3172
10536
32207
21552
5247
2034
21606
28366
960
11804
29279
7872
9356
20235
17882
16572
11157
11319
11197
6682
29858
28383
12959
8235
31887
18939
1253
18892
15508
30834
15914
7995
19146
27533
12261
31785
25578
15787
22853
14352
16984
15671
5728
10438
26209
9176
19085
13139
13249
19943
2574
24320
2153
1574
1779
7856
12415
14767
17722
17523
23461
10282
23099
21337
30590
25667
15172
9092
4974
14428
24448
3201
12706
17278
14621
2521
10577
25238
18861
3554
32321
14814
21965
30427
20876
29337
31749
23096
20388
259
13040
6715
16277
1672
29341
31172
6026
9268
3380
8810
14995
20843
31453
20682
17317
2778
7389
6943
483
28077
15362
1556
2587
4866
17986
23510
404
16286
3999
31084
1543
15327
6734
1611
22251
26610
10775
18981
9205
24646
9983
5379
9440
17985
4901
28051
24170
305
6122
31171
14495
2949
28244
21902
19033
8253
9909
19478
32264
23711
4999
9972
29615
10796
23451
1996
17455
1234
30579
36
2504
29027
7660
23414
20957
14406
25631
20355
23543
14445
5258
1771
18957
26246
363
14843
9731
19574
22125
18886
24688
7427
11654
4471
11428
12240
27424
25061
24042
31119
9591
23400
10762
21618
6978
6636
29970
11490
32149
26435
2646
26228
4358
26560
26294
3353
27151
29953
30751
9877
18611
6924
30293
14386
22372
27550
14575
21685
20773
7103
11939
18065
21228
8090
22979
10843
23626
14476
30216
3454
17229
10619
11151
25904
8102
1385
29473
29092
28935
19528
4023
24961
1231
18960
16701
18836
24297
27664
5271
17601
10737
129
29922
20544
29337
5217
25084
14342
12876
25471
28742
10112
27921
3794
30120
12935
26289
3342
2006
27281
13084
2425
12242
21540
9737
9467
30387
20625
26077
19829
12196
20446
9678
8020
9007
24324
19272
1382
32700
26203
655
2796
13140
11346
1703
5104
4779
28771
8305
28633
29022
12870
8470
31292
3961
31077
23464
15861
60
12433
25095
20087
28191
27123
2306
19296
24595
8005
30655
16977
25611
16962
18013
25340
17083
12634
28631
14718
8351
25771
6956
25328
12352
26413
32701
28728
22963
28716
26870
27429
31586
12540
7472
12732
10255
10984
11222
7116
1557
8555
26311
7881
13297
31907
2812
25558
22018
12290
23659
1060
12685
31047
14635
24443
30980
2988
26584
16662
11656
31585
9529
18100
14764
32058
13600
15852
10620
20133
31378
27585
9150
23006
23336
29302
2167
27238
29109
18852
22705
1457
21545
31881
19324
15390
28854
8867
13363
1581
17969
18045
7680
493
31674
11978
16546
9395
7071
15792
12910
13585
30078
23142
31636
8454
27562
6401
28324
1139
12240
5259
27217
29646
13019
12118
26740
